- child_frame_id: wx250s/base_link
  frame_id: camera_color_optical_frame
  qw: 0.25060278821131005
  qx: 0.7487413165449386
  qy: -0.5943788442570692
  qz: 0.1526383730878323
  x: -0.20027814121387494
  y: 0.308200365906919
  z: 0.32814635587943325
